00000000000000000000000000000000000000000000000000
00000000000000000000000000000000000000000000000000
00000000000000000000000000000000000000000000000000
00000000000000700000000000000000000000000000000000
00000000000011111000000000000000000000000000000000
00000000000000000000000000000000000000000000000000
00000000000000000000000000011000000000000000000000
00000000000000000000000000000000000000000000000000
00000000000000000000000000000000000000000000000000
00000000000000000111110000000000000000000000000000
00000000000000000000000000000000011111000000000000
00000000000000000000000000000000000000000000000000
00000000000000000000000000000000000000000000000000
00000000000000000000000000000000000000000000110000
00000000001112200000000000000000000000000111000000
00000000000000000000000000000000000000000000000000
00000000000000000000000000000000000000000000000000
00000000000000000000011111000000000111221000000111
00000000000000000000000000000000000000000000000000
00000000000000000000000000000000000000000000000000
00000000000000011100000000000000000000000000000000
11100000000000000000000000000000000000000000000000
00000000000000000000000000000000000000000000000000
00000000000000000000000000000000000000000000000000
00000001110000000000000000000000000000000000000000
