00000000000000000000000000000000000000000000000000
00000000000000000000000000000000000000000000000000
00000000000000000000000000000000000000000000000000
00000000001111100000000000000000000000000000000000
00000000000010000000000000000000111110000000000000
00000000000010000000000000000000001000000000000000
00000000000010000000000000000000001000000000000000
00000000000010000000000000000000001000000000000000
00000000000010000000000000000000001000000000000000
00000000000010000000000000000000001000000000000000
00000000000000000000000000000000001000000000000000
00000000000000000000000000000000101000000000000000
00000000000000111110000000000000010000000000000000
00000000000001000000000000000000000000000000000000
00000000000010000000000000000000111000000000000000
00000000000100000000000000000001000000000000000000
00000000000010000000000000000010000000000000000000
00000000000001000000000000000001090000000000000111
00000000000000111110000000000000111000000000000000
00010000000000000000000000000000000100000000000000
00000000000000000000000000000000011000000000000000
00000000000000000000000000000001100000000000000000
00000000000000000000000000000000000000000000000000
00000000000000000000000000000000000000000000000000
00000000000000000000000000000000000000000000000000
